-26.3556277146859,0.424992804055788,-0.149008356650623,3.49603159234443,-0.286725884326874,4.71586264656615
-2.54967787313628,3.27597800103411,-2.40455852238938,-12.4624098783689,1.26234457822172,3.82386264656614
14.8898030692186,3.82994058005706,-7.00571430803413,-14.2895398787019,0.411485062592378,2.19886264656614
-53.5259054850536,-2.94927295305422,2.62911102347491,6.47754695071173,0.668936911004183,5.57286264656614
-21.039737831327,1.26010933796437,4.13762613917505,-2.6781640029981,-0.179674077834193,4.56286264656614
-19.5793581395158,0.620700094239687,-2.2064984814482,-5.47640342611824,0.0848013650908846,4.57386264656614
-14.5293904516043,-0.470792078266089,-4.54836812341234,-2.7211158157848,1.32334563074619,4.35886264656614
-24.9519483568725,-1.16383286549616,-0.384507221653125,-0.292852960997877,0.0189223806790207,4.79086264656614
14.4090474511586,2.36587278113387,-8.81204115927006,-2.99390433271414,1.12111622088298,3.56986264656615
-33.2624341912183,-1.17776202936373,1.94850888462507,3.96403780869408,0.215391292931525,4.95786264656614
-27.1166092345803,-0.0858555414301445,-0.114960324644153,-2.03317027671012,0.34309797314648,4.56886264656614
-11.4569540941334,2.11028693642388,-5.86640216145304,-7.58178743728355,0.765226172648508,4.05486264656614
-3.21566748997289,3.23059765873013,-1.18836679147667,-15.5683058162809,-0.451496062595866,3.71186264656615
8.08732882245862,4.32490935199502,-10.3176753156206,-16.2987081013588,2.37957663769079,3.55186264656614
0.642356663951891,2.75886910566575,-10.5242287307837,-7.39946537210706,0.569334199490075,4.12386264656614
-56.8158494041546,-3.37542274056773,2.66042659402945,6.72170012502691,0.815488342688979,5.58386264656614
-35.1924876423117,-1.06963248543548,0.650961080960061,0.592677496249923,0.508446999421262,4.93286264656615
-2.99848761517273,3.56942829500525,-0.827833614729242,-8.89917264117337,-1.15328649711609,3.52086264656614
-36.3545664501132,-1.17310006257795,1.11570200466866,4.76924844893706,0.197783087666583,5.09886264656614
-8.05895124689031,3.35814795106131,3.73132042210958,-3.61946786277229,-0.713965793970247,4.36786264656614
-25.187804133338,-0.802066549991568,-1.02096912103896,-0.917550541057987,0.604797552626199,4.64786264656615
-50.2448232064479,-2.55963542318631,2.29069867085624,6.00001703903311,0.591591217994369,5.41086264656614
-36.1284931538196,-0.709757509987564,0.309211823208269,2.77469133912421,0.0974267364365803,4.95586264656614
9.02501417002608,4.65218412047754,-8.66806275403323,-8.01642483843813,0.705810554791761,3.64786264656614
-43.5002322607115,-1.65395132110165,1.32140108390764,4.77024583505352,0.360657276014661,5.23786264656615
-15.6814199374478,1.87125415108731,-0.487977541675009,-0.992971318199008,0.133948957136012,4.52886264656614
-28.0447254783256,0.880173668137408,1.65598191293081,2.20293877532001,-0.162401184828258,4.84386264656615
-40.2699344044267,-1.01927431131265,2.06596864128298,4.74692935948297,0.0978688265947398,5.24686264656614
-29.1530816420782,-1.25569417198192,2.35012178561147,5.37409527971489,0.31096894823457,4.97486264656614
-15.2304881135087,2.23111591873634,-8.40773306762342,-1.69966400153325,0.538791492885867,4.31786264656614
-21.2447961075448,0.220170933243621,-2.41096044713026,-6.47001191145864,0.514035388565434,4.61686264656614
-4.95076180122703,0.471740737925442,-0.537992457033885,-5.05405102492248,-1.48850943055893,4.08086264656614
-2.89168971069581,3.18614778238183,-4.89333585380027,-16.5166054572014,0.266456034695491,3.72986264656614
-30.6437640136739,-0.224822062726823,1.57234899445937,1.48333056312724,0.309497719488959,4.93186264656615
-53.524610612138,-2.95507710362206,2.49196260356568,6.47408048474373,0.686235137509148,5.49486264656614
-18.8931235687568,0.3486360214481,-1.06788540071359,-6.3007713443963,0.455108641979743,4.65386264656615
-14.0056756193706,1.79867083262872,-2.19418663486674,-9.70442619284278,-0.479603831794536,4.31586264656615
12.1094854641381,5.82812190489368,-13.618881635557,-17.8163479465605,1.64490634396059,3.18886264656614
-53.52461486134,-2.95503060588331,2.48537753932479,6.47447944438603,0.686659330857829,5.48986264656614
-56.3450161726574,-3.31412622154534,2.63889523995387,6.69833414261881,0.795185939354155,5.56586264656614
-15.5555964643912,1.77714553223417,-1.46413328229529,-3.3227899750551,-0.027324329578085,3.99186264656614
0.744408194509907,1.358542939129,1.58795126604398,-3.15657315373459,-0.960912218184551,3.57686264656615
5.95182892304593,-0.661099918786658,-4.87046513226916,-2.74018125981664,-0.84540988552219,3.33686264656614
1.7792988385625,4.33133238950895,-2.57575156243829,-17.0535692389578,-0.0776679617326895,3.74786264656614
-31.5636406080437,-0.293378488219406,-0.197785042634132,3.48290257609622,-0.265004112362373,4.86086264656615
-5.40902278197044,3.21524844967665,-1.41327900367577,-14.0339630474817,0.470266206783284,4.00886264656614
-32.70386472284,-0.0671423499940476,-0.709340209750139,2.70992154861107,-0.0156603254727015,4.87886264656614
-51.4186954095961,-2.63939444032558,2.38344952792523,6.35727654963173,0.576864382585619,5.49186264656614
-18.9127388246622,2.15769327991915,3.11035291103517,0.0727670947717776,0.147030259355909,4.58486264656614
-21.6887530839202,-0.0193095014679378,-1.48384420009315,-6.92111640112138,0.406973998473569,4.65886264656614
-9.35626282021978,3.10131441394686,0.483858817528196,-8.41485568692873,0.902531021886285,4.35886264656614
-47.2135787577775,-2.19071229059985,1.9598530410047,5.5517007367542,0.476369297976781,5.28586264656614
-43.6247165506494,-1.69048613632031,1.56742073876008,5.44830602752974,0.327746962153461,5.36186264656614
-7.59190195850688,3.10170895418586,-4.52126822042334,-8.21756655825175,0.642480722150375,4.13786264656614
-36.6971862454551,-0.952887680845102,0.571242170543715,2.7899041219991,0.320376426636973,5.07486264656615
-32.5677142462046,-0.71612807818644,-0.152335542639727,0.629759440752601,0.390502483203763,4.78086264656614
-23.9564057377042,0.624206563897636,-0.610136271293714,0.256075425677552,-0.325194407009482,4.72286264656614
-25.3145643772264,0.214514464320776,-0.672985658061984,0.886931650057918,-0.19094766615534,4.85786264656615
-5.63492352205569,3.50682827614814,-6.9410086225041,-11.0904109231023,-0.978794967319924,3.76986264656614
-27.1176820325401,0.168391241774602,-0.779661237037287,3.52512847474075,-0.274046923146286,4.71886264656614
14.6200617977788,9.31781273705469,-12.8093823795473,-15.9874086924028,-0.402625730604155,3.10386264656614
-21.1548854569761,1.04393851305647,-3.09289406747891,-4.09424791570337,-0.0904599480028824,4.55586264656614
-23.4992534618252,0.458700163173768,-0.679601418526456,-4.06244339167851,0.623374312503282,4.78786264656614
-21.1183448650691,-2.51473861784807,-0.708557453379915,4.06509516810759,-0.339669009443328,4.48886264656614
-29.6047484568603,-0.526280734367636,-0.0413197952818099,-1.72970399845727,0.324119559150858,4.89286264656614
-20.6901699521665,0.435792096423536,-1.53229368092602,-5.87647229494234,0.486134975702873,4.36986264656615
-42.6870470412986,-1.69457256082234,2.03985609006236,4.78492081890165,0.479273704751698,5.19786264656614
-16.9954651585503,-0.123455500086314,3.5741617819999,-2.60424929125317,-0.572129358239741,4.59886264656615
-16.1115733417073,0.821473162122848,-3.24354867170194,-5.96191234355473,0.532879242917326,4.43386264656614
-39.0004741358504,-0.877437678433555,0.613095690365174,4.96973130837438,0.379506971861131,5.18086264656614
10.7652996532623,3.70564279553985,-1.96526961656572,-11.9951236429724,1.76467389044698,3.51086264656614
4.16495058448195,4.8179269400352,-3.31237828244847,-12.5462124596649,0.687094205875489,3.89686264656614
-39.8105301213269,-1.11480373083253,1.60269342314755,4.14010447549241,0.251987598470528,5.01386264656615
-15.773667561589,1.74292600747818,4.16373058640006,-1.17819774585305,0.906921577069398,4.51086264656615
-1.70511811924907,3.13606716566481,-1.09433048338933,-6.40687618598876,-1.34918751313276,3.59486264656614
-18.2225865257111,0.772568692637999,-2.85164755464815,-9.20941158200264,0.356441481882153,4.26986264656614
-36.3551919770033,-1.02185945480702,2.5028128908774,3.93947625550178,0.24795458369317,5.10586264656614
-34.7338604232041,-1.49572451623114,0.162389814476507,3.80782616781391,0.299993058548834,5.04486264656614
-52.7059742610652,-2.82607070653657,2.47589573524654,6.48933530685062,0.624690049934509,5.49586264656614
3.69156631341634,1.1717516944884,0.168930439719986,-12.0005912974828,0.203122727410187,4.01986264656614
-12.4484212066305,2.24570286359733,1.74368467259848,-6.7899330094208,0.486714403126684,4.32186264656615
-29.9662841109385,-0.483720833778125,2.32398313834436,1.74899334420056,-0.261789893896991,4.85986264656615
13.04151352672,7.2405703080735,-4.83865868439581,-28.119538350372,-0.428108702972991,2.78486264656615
-13.9042961763769,2.50410893874134,0.311631125936894,-6.2805261914403,-0.422642580176119,4.03986264656614
-37.0318634608901,-1.17309753587901,-0.441610145280485,1.69085503368156,0.586162929361926,4.90686264656614
-23.3861005387487,0.114947092824726,0.919293503129004,-2.25050233051123,0.609588063927143,4.55986264656615
-13.8493194926588,-2.42082401551091,2.85342232368205,-0.109093320066823,-0.908105244449876,4.33086264656614
-28.3696190338385,0.400469522018521,-0.638455634613121,0.782861041248051,0.743638704810159,4.89286264656614
0.709452331912583,2.38725444062681,-2.42716813598831,-8.83220559869283,0.251498891288937,3.25986264656614
-5.72453714189446,1.54342700588347,-0.567848101460445,-8.5251498840861,-1.78647367692482,4.03786264656615
-16.5551770443967,0.399784042546222,1.51568883194821,-4.88145108833853,-0.324055711621023,4.33186264656615
-56.3450161726574,-3.31412622154534,2.63889523995387,6.69833414261881,0.795185939354155,5.56586264656614
7.00986290725075,2.51013989056891,1.87439036324061,-16.0862657718062,-1.02106287651434,4.17686264656614
-27.3428294923712,0.15668600413075,-3.51562889098541,-1.56832282733806,0.552098579428141,4.54386264656614
-48.6141912841475,-2.37000378186854,2.10330399708437,6.12755529488711,0.509832560087673,5.41386264656615
12.0185661415447,4.02254693621663,3.28799981259441,-10.2037917462172,-0.154662910480277,3.36286264656614
-4.862490542915,2.59544311190729,2.91867516761295,-4.20233908212549,-1.22552972379119,4.00186264656614
-35.6676241960467,-0.986596858830159,2.00769623259726,5.82768845690653,0.459076801882102,5.18286264656614
-48.9649868798317,-2.38508094991948,2.29666731809666,5.9949192811323,0.514165071921139,5.36286264656614
1.82259998683581,3.5696596456475,1.72331876234955,-6.32167547605582,0.783675344937191,4.03686264656614
-51.8833382207289,-2.75461320737269,2.3830005258774,6.26356437256088,0.635759877823378,5.43686264656615
-33.5973880068461,-0.867724319494729,0.972790429108414,0.69620867826888,0.334467651152844,4.95886264656615
-18.4147814286153,-1.25626655785709,1.956919021231,-0.285046420739102,0.792287518674062,4.62086264656615
-10.2263041928402,2.3129162281725,2.24952838658077,-11.3824579560317,-0.921793347193946,4.70286264656614
-3.76404606565511,3.36879880570511,-6.95630218397963,-14.2649949748411,-0.144349766912087,3.91886264656614
-24.8664328961527,0.538608332506285,4.618282217599,0.773622280712084,-0.375181513994374,4.89086264656614
-22.9536604991589,0.308919167262218,-1.64603905373847,-2.29774611608743,0.0284291176473813,4.46886264656614
5.12474928783549,5.98644889033308,-12.2165762563644,-16.3789336405392,-0.728455192727449,3.71286264656614
-55.1692655720354,-3.15549716308797,2.58283816336014,6.63976972210294,0.747285854665815,5.55286264656614
-25.8830183039982,0.583247282275203,-0.979740758648625,-0.531324915320172,0.0232456106385795,4.76586264656615
7.38275879369175,5.54423974949153,-7.27680476007237,-13.2391176705602,-1.11069081715233,3.41686264656615
-3.98592444449866,4.73826236756856,-11.5382900855236,-7.02649388488666,-0.318115982562268,4.36886264656614
-56.3450159484051,-3.31414824354002,2.64127753210072,6.69816830594995,0.795056470707229,5.58686264656614
-31.9009674430679,-0.098316069607565,1.0449343743132,3.46425649925966,-0.166151542668562,5.01586264656615
-52.8227571225187,-2.8552986623845,2.65907782198203,6.56965170701947,0.667158069963372,5.60986264656615
-29.0616792853027,-0.251456147275132,1.94934422739593,2.33927275621136,-0.584543655436087,4.95886264656615
-0.596134544280434,3.83529688370671,-3.63978984663213,-5.6183439065649,-0.2394965433993,3.95386264656614
-8.00736682211235,0.999768682566127,-5.34988825141571,-10.5101652398872,0.927538372631158,4.17386264656614
-29.0494720674423,0.0216489202690097,-2.35295779152457,-0.45500278045819,0.262527743106751,4.58586264656614
-12.6605401482544,0.686329482959325,4.83776381588833,-4.31120334990216,-0.407358067385944,4.48586264656614
-7.08628109069014,-1.70189936860978,1.52706017945504,-4.74434293803731,0.730904089282694,4.51286264656614
-19.1175549367933,1.19173298473876,-8.30835666941821,-6.07016038953896,1.11783207434965,4.28786264656615
-23.6089744144233,-0.160483743018807,1.59429528110362,-4.66643639430538,0.0186886779232081,4.79686264656615
-32.910390785927,-0.801727194581642,0.767152915887619,1.27176972474307,0.501412061975567,4.96186264656614
-35.5490518445085,-1.02584897405838,0.613033117742519,4.31101497523166,0.0801935965988222,4.89486264656614
-43.8534734645451,-1.69958867123558,1.94368390467527,5.26698802351094,0.325088282565552,5.26886264656614
-40.1417017433023,-1.48331007079553,1.27840103019774,3.00307744244111,0.447283588099578,5.01486264656614
-13.6662620324906,1.35678136031651,-0.501378701265811,-3.33537091337883,-0.310351059055246,3.80686264656614
-34.2969441484811,-0.458618658854731,1.88548569451923,3.21043023324616,-0.112362080793376,5.07886264656614
-55.5215439227276,-3.20759602605796,2.60270546377206,6.64959334648136,0.760496672020873,5.55286264656614
-11.4832702278944,3.3142323789142,-6.32010133193534,-4.60733683980334,-0.405402604434304,4.24286264656614
-35.4492727977867,-0.589832635516689,1.10477458127597,3.42801100569271,-0.126486455805235,5.07786264656614
-18.3401682707158,1.71262905623033,-1.23250597211899,-1.59837521284595,-0.773424814444576,4.77286264656614
-25.1889713824455,-0.845116225228608,1.38787373994911,-0.0198595112805788,-0.223617199370878,4.83686264656615
-43.7257452004511,-1.8570121827884,1.53916527018067,4.27836448632178,0.50429133412149,5.12686264656614
-24.9931501073083,0.905926758726349,0.491276030676969,0.927742074587669,-0.389575675829094,4.35686264656614
-26.9121339509848,0.603133524045294,2.08609883483874,1.09142228951694,-0.0950842536097364,4.70086264656614
-2.35758073214399,4.872280424984,-4.72814663768086,-13.7928187398266,-0.481526480423164,3.75986264656615
-12.7769543325223,2.06556844804245,0.22661392704593,-10.6521320399425,-0.603332022732399,4.24986264656615
-2.33969124238469,3.84404199081305,-2.15724965459324,-4.7973345943268,0.435727377498604,3.81086264656614
-50.5997709887078,-2.59237726558881,2.46941336728787,6.34883440423284,0.551279777553572,5.44686264656614
-52.9381142222203,-2.88277651272408,2.45709069827536,6.40521419388076,0.667014980611498,5.47886264656614
7.68470145318458,1.02108462197258,-0.225900716677472,-4.97829850675017,1.87052248770768,3.59486264656614
3.09749462975341,3.84573171498666,8.20157285165265,-10.0015292630986,-1.2261897663875,3.90586264656614
-12.8041578599265,2.28554721702467,-3.05215584791234,-7.90421707901847,-0.516925214351138,4.12486264656614
-41.3008824160333,-1.59956489618911,2.33796779810298,4.73426345808906,0.4636631293602,5.13586264656615
11.2457216001081,4.84243842503905,-9.73147596082535,-18.2947173327774,-1.35536739410339,3.44086264656614
-16.8601951426061,-1.78200728493234,-1.98954375060894,-0.714943421928595,-0.643289284057151,4.52586264656615
-20.7862847468821,-1.28089281276448,0.358996319432649,-0.59447624545967,0.741419737695845,4.80786264656614
-35.1985600833335,-1.26789979760107,1.8527186161666,2.49896932566045,0.45708512919906,4.90386264656614
-48.0324783270491,-2.23619592068711,2.40372692995891,6.13063787159048,0.503822546508019,5.35886264656615
-40.839725281287,-1.47253611496494,0.522958039902531,4.01251838100706,0.389646754202707,5.06086264656614
-27.7942374650568,-0.229776557084672,-0.0332416943344025,-2.63335838305371,0.324888010202779,4.64786264656615
-5.39754173048376,3.48640449488651,-2.5913617205843,-8.01272181561533,0.91691047820926,4.02386264656614
4.7762727749395,0.927323745298693,-2.14557744273852,-10.1866085045048,0.159264072200488,4.28286264656614
-37.6154471142233,-1.17315866163563,1.25183313102911,2.21932766895653,0.286903137951243,4.85686264656614
-53.2916873592649,-2.9228978588618,2.45903917445738,6.45987785350107,0.665376386686122,5.54586264656614
-40.155135334504,-1.31505647332898,2.08448951318106,4.89877532058177,-0.0839134114033526,5.29186264656615
-16.7702794569817,-0.36733597564124,-1.71816432769018,-5.13677670186409,-0.224281684405183,4.43486264656614
-49.1951115924685,-2.5824781836038,1.88700699243627,6.40202543814776,0.458980437540598,5.41686264656614
-14.8593663467299,-0.0265595127610528,0.340957995489529,-5.20917376948298,0.763458109068169,4.63286264656615
-55.8744031704415,-3.25331634499796,2.62490134511909,6.67022557162402,0.775085656888073,5.59586264656614
-41.0717010876589,-1.20705651658131,2.13754030301831,4.7498919749813,0.198939892744874,5.21486264656614
4.63427759715583,2.59418870244345,-4.34433167300389,-6.10298791951455,0.080118221299164,4.22986264656614
-11.5559761022937,2.06909700416812,2.45453145326561,-2.99045481051542,0.990529710639831,4.22586264656614
7.22661450254317,2.66379563755037,-10.8453685497104,-14.186404192723,0.0272620042143085,3.72386264656614
-17.6762772968124,1.06255564163403,-2.71516638629529,-8.6180845904362,0.0793963538012127,4.07986264656614
-23.7310620272471,1.22268958678561,-0.654910622926542,-0.353065417451754,-0.457998596995008,4.75086264656614
-17.3599718192159,2.0781636863153,1.21650760843831,-1.00116853630242,-0.421002528847204,4.44286264656614
-22.8554549894532,1.0802440825739,-1.76988305983027,-2.34357915751033,-0.547920074632183,4.42686264656615
-33.9371739061246,-0.784804156333043,2.32555301227383,0.843409463152714,0.45224139544479,5.01186264656614
-29.5029956978497,-0.0758278579105817,1.32808206463254,-0.429414542947904,0.216967142916794,4.67286264656614
-52.3542095097711,-2.82959450580779,2.46421773783778,6.52925082372802,0.603320209160788,5.56086264656614
-20.7000705691356,1.11359481486242,-4.30674572875663,-5.4134626111394,0.660438755795937,4.14886264656615
-49.4304035155065,-2.36997052034176,2.34497011843921,6.11768192473827,0.571016893445396,5.46786264656614
-25.636155812991,-1.20050158212861,2.95101609214938,2.53091383197627,0.303121803776126,4.71386264656614
-14.0109677849217,1.52076826635492,-3.25402664172466,-8.27626463883489,-0.303143945395409,3.72586264656615
-20.7834926988859,-0.208169499809211,-1.42724460368044,-6.74461690562866,0.685739418065911,4.58586264656614
-41.7634926681008,-1.53149634276283,1.61166108409739,3.90019959802198,0.36168411343549,5.15986264656614
-34.6230038314929,-0.997623282515751,0.314627588734348,0.368294402374895,0.483538299206528,4.80386264656615
-34.5138727799273,-0.82811639540536,-0.0762945947657086,1.76574300268871,0.375100842091956,4.98486264656614
-53.2902685760729,-2.93701916844403,2.53042468059604,6.49490432449244,0.678039513517082,5.50086264656614
-29.1731321978101,0.104191898664744,-1.5132540787236,-0.637608777080897,0.195175899361041,4.58186264656614
-34.9814944558419,-0.561756749416935,-1.82160696581697,3.06925971616295,0.298349099281923,4.95186264656614
-53.9954039719634,-2.9953354020429,2.52525908327433,6.57468685602484,0.688414970801331,5.57486264656614
-40.6212829249033,-1.3382868862737,2.31748476853661,5.37654893012342,0.000814909489659557,5.18686264656614
1.76905791062647,4.79794032917591,-9.83777141997071,-10.2309690070306,-0.339537486484573,2.82086264656614
-15.2126491866955,0.19340538362411,-3.3104827385782,-1.79530106524696,-0.412731397813211,4.08786264656615
-28.1522020893235,0.452637187188369,-1.80936757422923,0.089139090462269,0.0281209577580592,4.78486264656614
-7.48598536875917,3.20179519983292,-4.67388948032626,-5.84897278757434,-0.919553461992302,4.23486264656614
0.909255315602977,4.24898312590941,-6.21516459922435,-19.2597605417677,-0.0658194769480522,3.62286264656615
-19.1319628467142,1.03655245367511,-2.55586880090098,-7.14184049211655,-0.000617777229625939,4.25986264656614
-48.3835798214305,-2.41167953036068,2.38095263574797,6.38065218603881,0.501257907319136,5.52786264656614
-29.2643940867887,-0.994291644679915,-0.930589177877959,0.546061980725613,0.189208336419061,4.72586264656614
-55.168951576249,-3.16286953409596,2.55916677408038,6.6214096220569,0.74905988050868,5.53686264656614
-5.53353738590838,4.49800566252978,-9.72389577166829,-3.71869685340797,-0.394357915341672,4.09486264656615
-0.166609009664288,4.36272902915794,-3.01834327663395,-18.2062670631786,-0.687167447199211,4.11286264656614
-36.3499739817209,-1.09100234260951,3.34998717083307,2.25321278789396,0.0305672893199917,5.30686264656614
-2.83980398902771,0.0341713793261876,-6.37884264928765,-8.23593953330468,0.991994432495922,4.36786264656614
-34.2994346607148,-0.706966864305306,2.74456967956021,3.58624905652992,-0.0213578533609266,5.06686264656614
-26.2204877042034,0.534228459870379,0.497636226405123,-0.000618227279421129,0.301506026757948,4.74086264656614
-46.8671756507719,-2.38449886179119,2.37115967056105,6.15263248751157,0.390490139269651,5.32786264656614
-28.6031319458114,0.378195421016603,1.13754710736577,2.41745772202602,0.41139086951034,4.61386264656615
4.17235359077481,4.7672989885015,-0.41939027701438,-10.0885829310268,-0.0340926700298688,3.85286264656614
-35.8884906075689,-0.896416442192999,0.683124432126577,3.65305781225847,0.295093860650439,4.96986264656614
-20.027861331184,0.179959636379698,-2.61910973225113,0.469391191158743,-0.0760788189171164,4.47186264656615
-7.62214388590245,3.72330157121022,-3.96830430055415,-0.174768877338838,-0.526920456884772,4.06686264656615
-13.6941226191345,2.49529138505512,-3.93325832296575,-6.47483841390951,-0.296694118986341,4.11786264656614
-37.6037111139759,-1.30424296880706,0.978833793567458,1.71300957537368,0.498548588713054,5.06486264656614
-27.5637184617163,-0.212415117955319,-1.5968610051129,-2.68643219168712,0.473631327278838,4.71286264656614
-30.5229794558248,-0.512261521620845,-0.55913382243712,2.09751206494858,0.0482089427363582,4.69086264656614
-11.8878186717828,1.65493885541976,-1.94920660130891,-7.4524538919472,0.0712987594598109,4.63086264656614
-56.1096805225425,-3.2836678311945,2.6325764606087,6.68482501434453,0.785010012687839,5.59186264656614
-29.165153314527,0.172983620350972,-0.32066182872174,2.1977900035545,0.512256180974544,4.85686264656614
-23.9644276374677,1.15755092349857,-1.56879241486966,0.60624245604159,-0.132856810967926,4.74986264656615
-46.9839185744693,-2.15172496000453,2.35230587557339,5.41591314456276,0.474948893199164,5.28886264656614
-8.68627339495232,2.40453419407639,-2.259608153358,-14.5056634135877,-0.443097400845075,4.20286264656614
5.4749134258064,4.53328573883813,0.717028758104429,-7.48438888364218,0.680684978362683,3.70586264656615
-54.9342193823583,-3.13384197509241,2.55330788087575,6.62822591210546,0.737938983009146,5.53986264656614
-17.324190959496,0.682331100563559,-4.83933725156214,-10.3159573441344,0.738800416725204,4.24586264656614
-2.67471695770656,3.25078918623046,-0.061787497325678,-6.15469214078607,0.230704232627802,3.97386264656614
-34.6320501491165,-0.689410980723141,-2.6456870331967,1.6009086077328,0.600153993147087,4.84086264656614
-18.6707783412208,0.998978333183503,-4.35745802626896,-6.29288912409265,0.2210966262495,4.49686264656614
-6.39977807476389,2.91475938423607,-2.69656412032284,-5.37915530476525,-0.194685402487975,4.02786264656614
-6.51829300491445,3.40367704740897,-0.216261350434217,-1.46242397796731,-1.27141697685373,4.32386264656614
-20.4564007234884,0.198228487848554,-0.549822790991225,-6.91424496680229,0.515694230178815,4.64586264656614
-40.4954844276092,-1.53570212490687,2.68188393659899,5.60007470365057,0.464809202132381,5.17086264656614
-7.75755323200852,-1.19794441586034,-0.0217118693792506,-7.07864073894092,1.25071021132528,4.17286264656614
-3.23108374844538,3.55370295657122,-8.04570532387148,-9.29965230595426,0.324276898879085,3.74786264656614
-47.6863841316556,-2.079735844781,1.95957736904666,6.10033474617947,0.431036149674159,5.39286264656615
-5.16499573256256,2.43322604681631,-8.37981837183047,-18.3419536182104,0.898655792965112,3.73886264656615
-16.2459639131751,2.33276341909982,-5.22637889880761,-5.08792239761033,-0.417542465719133,4.36286264656614
-2.64319705410995,1.42654619637025,-7.76218473725628,-10.2157831867335,0.594933788182037,4.42886264656614
-28.2372540957591,-0.520647446625688,-0.539647495448303,-3.48400137326641,0.500341489136454,4.79086264656614
-2.02388092610189,3.8882160640442,-11.3612600011344,-11.6719809377004,-0.513245746810413,4.08386264656614
-37.2577860350779,-1.26648828440291,0.976134049983915,1.56220621263511,0.509283055502253,5.06086264656614
-51.2991422463215,-2.6657973283809,2.42563576847289,6.2126868941867,0.599042738162356,5.45586264656614
-14.5748571697673,2.03964096329673,-2.17455630313521,-9.60510048218997,-0.214320269701711,4.03186264656614
-55.1692283789254,-3.16088170791425,2.55611872992145,6.63474818576774,0.746880255861057,5.53986264656614
-23.4027516874491,-0.0932442836681983,-0.45312153768415,2.072218750736,-0.599072476008824,4.38486264656614
-14.0976578394625,1.11977046685364,2.08126013739352,-10.2837581426846,0.105566321052506,4.54886264656615
-36.9192557499564,-1.75788207617812,1.80663631259114,4.56932152285821,0.477630047944111,5.12186264656614
-8.46415972199594,2.95694184713403,0.757664670079309,-7.11437912951087,0.0442698074864846,4.12686264656614
-11.8892609786062,3.01469003068437,-3.00849144012552,-0.870805604761203,0.336804107750757,4.53586264656614
-10.8944020776211,2.37943655099655,-7.55239444349741,-9.23245074853474,-0.233705334808734,4.40086264656614
0.672191826371425,-2.0339307021248,-7.28991760308487,-1.91798299340156,-1.00244135623672,4.01086264656615
-20.6036403482019,2.0835117588399,-3.84925436703041,-0.407792456269598,-0.243708038867629,4.18686264656615
-7.8050776444828,3.21078448499137,3.09865289245502,-4.66373812741954,0.580635276746521,4.07186264656615
-17.8735453646593,-1.40925895654495,-1.71344811435179,-1.37457236252039,-0.540028709231859,4.50386264656614
-45.5817575510425,-2.05155375821007,1.90020780958404,4.85788587537981,0.519894138508972,5.28686264656614
-40.0290360242446,-1.45953334725599,0.783755357361699,3.63959478493156,0.458551591415524,5.13786264656615
-1.90694713491747,3.59550255905594,-3.45960483182879,-13.6104460216445,0.985064734589733,3.89186264656614
-18.2389055157794,1.73248777072276,0.472585587786188,-4.81527434451099,0.0362214892145524,4.17686264656614
-30.2865413369006,-0.555610631282523,-0.410697194635653,-1.83444786215067,0.499871972001656,4.60986264656615
-12.122755993808,2.42572914064702,-2.46585583841642,-6.85957737885408,0.175636798258547,4.38286264656615
-48.0336392324659,-2.20323016684536,2.32252219223589,5.79438287593592,0.48274379995371,5.41486264656614
-33.1319779774035,-1.59426299764005,2.35206956670543,3.17542397889803,0.468907763115634,4.96486264656614
-25.7900017988225,0.61395101021647,-0.558954134083203,3.08913663754961,-0.630196296507265,4.81186264656614
-36.0092230448991,-0.656480905401314,1.5605102198752,4.51276570090961,0.56393614790973,5.06886264656614
-21.2755964177919,1.52624406283999,2.16629014721871,-4.28497188327917,0.023855931353304,4.28986264656614
-33.5933328584719,-0.901092814564482,0.135593285160134,-0.159343643760032,0.485760205568349,4.75886264656615
-33.1464615037462,-0.66204735230324,0.118428700003221,0.713672859829267,0.380555393949512,4.84586264656614
-28.601650249512,-0.0367865288826838,-0.464850671077059,-1.71104417519407,0.0587078830603469,4.71286264656614
-20.8250848079403,1.06605906423036,3.82793339344112,0.775414883264121,-0.18688884760573,4.69086264656614
-26.6733258284465,0.0983358114339973,-0.824422126376693,-1.30261134005866,0.344707893977691,4.70286264656614
-31.0943896051909,-0.417782538918365,1.3740966425688,2.30644808188823,0.469071535137402,4.81686264656614
-37.9660322233917,-0.634862514893118,0.744552281247761,4.06069439023458,0.145584959668777,5.04686264656614
-23.9646309088114,1.50855740584803,-1.39341803943662,1.49222752422082,0.478707303580482,4.70786264656614
-27.1279323015502,0.377938473234162,2.51811562972823,-0.845690606887647,-0.399717750456573,4.74686264656614
-8.42547534860489,0.875242191687229,-1.41119850289991,-5.22397000508123,1.24654619853121,4.37786264656614
5.89306032630312,5.08844319765165,-6.14473843688075,-25.6141938253209,1.22400259296717,3.30586264656615
-50.0138196160018,-2.5270897631794,2.32051790250308,5.96515756713435,0.552606405546584,5.41386264656615
-15.6932258738197,2.69222483240514,-3.31510959916542,-2.52667554618838,-0.283145236196064,3.84886264656614
2.22128776748542,3.82655310393404,-5.21605571930423,-22.0865511861628,-0.122777850043531,3.17786264656614
-34.4021134997131,-0.822180155729606,2.08954410492704,3.56408356383919,0.403972260729473,4.79286264656615
-21.5959248752288,0.274121299661452,2.71110949762878,-0.633821672408418,0.0934750435294044,4.61386264656615
-30.0633700166844,-0.404837632764119,0.853447984327261,-0.0887373430494184,0.3971259137917,4.86686264656614
-27.118384673971,-0.385976398142018,1.30554971739841,-0.954661637260576,-0.192149989687238,4.92886264656614
-3.31372813245282,2.82349272874668,-1.00720100275307,-10.2101626118909,1.25896174523348,4.17186264656615
-52.8227647061035,-2.84333152422472,2.27428922421881,6.49367245196057,0.648752306162537,5.51086264656614
-47.9138330144526,-2.2269218863842,1.72615627747517,5.84145650758519,0.500048783126096,5.37986264656615
-21.3596353581501,0.467634603267918,-2.02278439404123,0.500594763260608,0.249923107986347,4.70086264656614
-5.82669294926007,3.15775583482977,1.84297843600187,-12.4887957160987,-0.937512361064337,4.53086264656614
-21.4850197588502,0.910931050716906,-3.30524022712109,-4.79602622996884,0.451604190823856,4.36186264656614
4.51002554442942,3.95814849736331,-6.18928694175901,-27.6716377404956,0.607541090547364,3.38186264656614
-41.1963363395405,-1.3476758941166,1.13470482396319,5.31854850920003,0.168392080847648,5.21386264656614
-13.2251130950784,2.44132883343266,-0.0212146690416242,-9.44293948434285,0.617359903878521,4.33686264656614
-22.6158037153147,1.67489111655073,-3.91426202693961,-0.146059745737394,0.114589243587397,4.62886264656614
-13.6676891892366,2.03845148141487,-5.12810003729379,-5.22551170740763,1.18340847940514,4.20886264656614
-28.14912576622,0.806597952322663,-3.26107560786129,1.5995039194061,0.0437333913078509,4.78186264656614
-46.0575186313069,-2.07733928236842,2.30478091818066,5.92904984269392,0.339949360319647,5.44786264656615
-34.5053983026502,-1.04311050836113,0.540714129388469,0.130245509932304,0.507679031131295,4.97686264656614
-17.7941004613489,1.18647784703926,-2.82426118592219,-7.28501329089951,0.156349080043654,4.26986264656614
10.7380640898056,4.89577268926114,5.83492318734487,-14.4448228783907,0.886457043330989,3.35486264656614
-25.2007954300469,0.502825605098736,1.06152416276904,3.27503869647381,-0.0482519017829507,4.60986264656615
-17.4383679453968,0.64863915558566,-4.88575868329573,-9.88969410725801,0.604659356814464,4.27486264656615
-39.1102989317984,-1.28444049442331,1.1113254671578,3.01989404964262,0.312816232777358,5.04486264656614
-43.3793811045237,-1.73845740259271,1.91369566239589,4.65232449370768,0.500636369451573,5.26486264656615
-7.59775290368334,3.21193438384108,-1.27365265442819,-4.24058523847392,-0.219819371289748,3.63186264656614
-29.9565474918404,-0.261870110663605,0.336760747289022,-0.974767637107643,0.22229424043536,4.77986264656614
-55.6394173862079,-3.21879545516461,2.59906778933814,6.66789828993861,0.764226128618505,5.55086264656614
-53.4079050786548,-2.94996778666344,2.52256823036516,6.53887207317528,0.679429975435768,5.49886264656614
-14.9050556155714,1.46276728356808,-1.63636009820906,-1.35496800500979,0.114469892686724,4.54486264656614
-23.6122737602455,0.603352691954754,-3.30050648993853,-1.80504607400582,0.143206860471068,4.72086264656614
6.27909283550185,2.00402979384817,-6.06933387750385,-6.36776782451358,-1.016466256079,4.22186264656614
-14.6554267997276,1.42351072145882,-4.57334374286221,-6.43729497093594,0.397669749274183,4.42686264656615
-26.3129412345986,-0.87357643340427,-0.933049526896609,0.65999371816566,0.0476027646268656,4.82286264656614
-51.0683098799588,-2.58918660505099,2.53404147500473,6.47092567972602,0.568384971726268,5.51586264656615
-21.474967053813,-0.0825443837612705,-2.20503586354562,-4.79187812636416,0.0611300027942586,4.73586264656615
-31.65112064949,-1.01447403027278,0.383314247559486,-0.220036289900909,0.285845273967938,4.92286264656614
-49.0779717155952,-2.38187925605593,2.17578938377096,5.90464109067108,0.572350826624717,5.39486264656614
-13.449615336446,2.44241322214656,-4.09331048126812,-8.50562065137011,0.0567013148114838,4.30286264656614
-40.9589182518143,-1.38900823639825,2.65737931307679,5.28346524530437,0.446747089225716,5.18786264656614
8.37775658895424,2.46830292966828,0.609454307823841,-16.1343030528984,-1.75178958969662,3.54686264656614
-37.6037111139759,-1.30424296880706,0.978833793567458,1.71300957537368,0.498548588713054,5.06486264656614
4.06739226080456,3.90562225334575,-2.44505550688884,-9.38043365284383,-0.574118100725789,3.52386264656614
-23.8280102952995,-0.108018564703054,-0.260733210065136,-5.27253632090075,0.417844287773704,4.57786264656614
-34.6330058923354,-0.812388981558326,-0.43208833552813,0.946032093386547,0.478847728826871,4.86386264656614
-4.52539671791011,3.44061189026519,-5.00716969729958,-9.53888697775473,0.42524418257057,4.18586264656614
0.905744929578433,4.60990674078985,0.686861136085957,4.6300985962174,-2.69167694868525,4.21486264656614
-1.70474849046899,3.26697529214529,2.12594398140789,6.52299324666183,-2.01445626918885,4.25586264656615
0.909175253042516,3.43903607144691,5.79292055624702,3.02236591458663,-0.995847177299066,4.14586264656614
-2.58088444892861,3.54052385694709,6.81348024539085,5.05286763721741,-1.24601456961161,4.37086264656614
7.80809425330443,4.19390617220644,10.8786036551122,4.02640543108513,-2.9070080809966,4.23486264656614
2.75625037708355,3.42229391984522,2.87082069536799,3.78339127923689,-1.84136089010381,3.98386264656615
10.1880900282802,2.53268767676017,9.24017983213099,1.93050055635513,-3.21714013438329,4.29486264656614
3.60332016834446,3.88792279715265,7.8080605714469,3.16027738718603,-2.70577337476033,4.15686264656614
5.4368910705952,4.85968333544286,7.92879020580341,3.16522160072601,-2.97062906142371,4.15986264656615
-1.49335033209395,4.39176247615512,11.7664685826887,0.936148872259319,-1.59414990361774,4.42086264656614
-3.02800558299038,4.85438443116118,7.12963234528109,2.71934021770867,-1.27328118883056,4.40686264656614
-4.4588849544837,4.70177011490105,8.28160798225311,0.698147825380255,-1.90893658414813,4.60186264656614
2.52530246003292,3.20681286641814,9.32283010060407,4.20895091839104,-3.31450001525401,4.35586264656614
2.20091336831832,4.57406106867132,7.73210934216054,6.98685764243144,-2.10928625054229,4.20786264656614
7.37431420284851,6.35942872284706,12.2010074300796,2.25488399894955,-1.2020049637848,4.17786264656614
3.37587481162914,6.53703280749516,8.9413323961745,3.7094158729857,-2.07288749954609,4.31386264656614
4.123987895902,6.91519648173557,12.6374455451061,-0.646343917043355,-2.27375111220281,4.40286264656614
4.68175158266725,5.55737967407795,12.9104135863939,0.430674196117715,-0.917291472640587,4.27686264656615
1.9660877947531,6.85870629009254,9.57403855103584,0.0385801584001413,-1.81005081717444,4.41186264656614
-4.55537532595041,4.36210861815202,9.76744790035877,2.53728226338414,-1.43506180225115,4.34686264656614
3.59852901830979,5.49394366844523,12.757063215065,1.14326726029807,-2.18276001215191,4.13686264656614
8.23333767899988,5.86278222782488,9.69142363607382,5.61827362525053,-1.83715941112818,4.16986264656614
3.39518459107417,4.63022906137932,10.7763800968802,2.86422484024565,-0.806277540775518,4.35186264656614
1.27016446838428,1.90685504552986,4.97272182152318,6.77311742410119,-2.75311263615167,4.46486264656615
0.66881519380241,5.92802372635747,14.9174149274385,0.855163179708605,-1.34863534645757,4.55586264656614
1.75689344872236,7.24794111383393,8.33905371110831,0.98958208100827,-1.44460425976172,4.25786264656614
-2.05025188456656,5.14386467215535,9.58071822805837,1.45156842125489,-1.34364815385166,4.31386264656614
3.26229804841819,7.08570987823045,13.7803333084609,-0.403960693502314,-1.58938431284397,4.41986264656614
2.08322248645957,7.2129250331424,17.2292543691848,0.104077080220226,-1.01021544653673,4.72986264656614
7.03038929017506,7.74252310765497,-0.236610235757747,3.23137879649038,-2.37716812679879,4.20086264656614
-4.12481666626376,5.08695692512275,12.0568114341881,0.44470868278261,-1.57444530959638,4.65286264656614
6.17636738562237,5.96081496260807,11.341347535475,2.44089306320624,-3.03885257115792,4.27486264656615
1.44869346526326,6.19928155671451,9.72517879150407,3.79123977599597,-1.37577393153261,4.53986264656614
3.75723757795942,2.00785557662161,2.91694225882074,7.77256191798673,-3.30321432286644,4.29586264656614
4.88975293426317,5.85401827629609,12.1451518957915,2.60720499174562,-2.78969835741412,4.49486264656614
2.97331417096789,4.86272992852916,16.387850450576,0.718085503952718,-1.61208442413149,4.53686264656614
6.94671417067433,4.66117312737905,13.0632211427817,1.50047557614886,-2.41439225826373,4.44986264656615
6.06661987623278,7.54325900042268,10.8218995071414,2.23915373856875,-2.34577466336242,4.38986264656614
8.23241120664909,6.58275263842885,8.57634367573338,6.05805075593782,-2.19062511847432,4.15486264656615
3.51576863951901,2.75421292732597,9.80851316343467,1.1517980040704,-2.88001069897556,4.56786264656614
5.43525959749829,7.1142573494069,5.91638672333515,5.82486690249934,-1.62597919012128,4.13486264656614
4.71509233424218,3.2364846288379,-6.2130125842471,5.51190305004333,0.264955461911521,3.72486264656614
-0.468979301742881,0.915310823764126,-10.3319969630899,4.59173778864307,0.330554500511488,4.05386264656615
4.29318084419565,2.13089467408273,-2.74835379752294,7.02935760319781,1.42849492203257,4.00386264656615
1.00225066971842,6.10797428797214,-16.0229481846857,4.46214168205562,-1.04070364303767,3.91086264656615
5.01913068292207,4.16392172442708,-15.1762850604282,7.45445007398719,-1.9576184126812,3.91886264656614
0.0243203406208584,4.19458258978027,-6.64374693054096,4.98371244413678,-0.0576473878801163,3.96786264656614
-1.82371897531549,4.40686773623848,-8.45547829630616,5.66535351398719,-0.674696150897297,4.09086264656614
9.97278245766633,2.7546846570188,-12.0101682442048,8.40583252572484,-0.888393713355174,3.68486264656614
-2.98620201842911,1.60373744219424,-4.86611714964928,2.17366523390034,0.749319665969821,4.00586264656615
7.6296920865604,3.93044994330633,-1.30272511461801,10.9378039039817,0.621478737597169,3.96286264656614
6.19244362358877,5.45882952725295,-16.4533105044118,7.5896443183537,-1.8986858156112,3.66786264656614
-1.24304080782531,2.78543756348377,-3.07372873051725,4.54969757527058,1.23853935223557,3.85986264656614
5.22470742987956,5.55858521138521,-18.1087944841446,6.68100082573628,-1.46334506483682,4.03686264656614
-2.58409052282848,3.91776490601666,-10.3618735839645,3.70087356646043,-1.77476880444982,4.05486264656614
-2.12679441701239,2.29225278909705,-6.7001414265674,4.97043545356466,0.0067115079746885,4.04386264656615
5.32145207098817,5.60341847860224,-11.5058505600051,3.78060899221622,-0.917922562449039,3.73786264656614
-12.8006184490479,2.24458476378805,-5.93969221666859,3.62124219601719,-0.0112913718449252,4.58686264656615
2.64280516339516,4.08762744484014,-10.3494508752507,3.11499487191827,-0.129705019493455,3.76586264656615
12.3266862769018,4.24204769021291,-17.4519469917018,6.89594370083781,1.37234178926058,3.90786264656614
7.80228229218013,6.51747983330505,-16.4452296054882,4.59272613504852,-1.7268748441028,3.84886264656614
8.45302184260804,5.98805247118957,-14.9567148129932,7.34109843131251,-1.80696144495054,3.80586264656615
6.40924442549834,5.21703866769655,-15.0001087885638,1.72864290889397,-1.72955875926994,3.84786264656615
3.30965965240223,3.07769158974296,-14.7966766442375,4.17912702920562,0.0819702650641637,3.99286264656615
3.4005821356439,3.55328913667631,-12.0716598533472,5.29996495150264,-1.74042102606708,3.76986264656614
1.42004963048486,-3.46797884632816,-2.09972995530678,4.83741184196209,-0.454591773331415,3.71486264656614
3.57896473288305,-3.00506368139173,-1.92925812315937,2.92909562076726,-0.551452694673477,3.87386264656614
6.48736442541973,-2.433297066062,-0.0300891999465975,-0.512277530708641,-1.32117730075967,3.76086264656614
5.72011554692781,-1.71106313861499,-2.24746182922162,0.324096759360305,-1.40993273671643,3.88886264656615
4.32266807483001,-1.87722124618728,-3.43491062253916,3.76465836495968,-0.994340924590944,3.68686264656614
-1.63537566685215,-2.5935910760098,3.50300989195721,3.33645364857995,0.310060405911311,4.12786264656615
4.14976543333832,-5.40906983752889,2.26869826262703,1.74922963606443,-0.914738963390869,3.83786264656614
3.69241606634337,-3.7011958521212,-0.956573266297939,2.61352550946386,-0.348108971441236,3.42786264656615
8.617675549343,0.0909567180402594,-8.03525865451171,3.26986045670966,-1.54378746342333,3.65086264656615
6.9237408920779,-2.90820215409765,2.62186715263166,1.62403146258996,-0.971295898710306,3.77086264656614
6.20317444966901,-4.43516290762141,-4.37469322887534,4.96327958271433,-0.0450236893387612,3.53186264656614
0.21341434665793,-1.69825022788896,-6.32381769919804,5.00402759959591,-2.11822685312083,3.90886264656615
-0.0902567007053266,-2.42711369602421,7.7974187506796,1.6588725343765,0.0660672423735573,4.18286264656615
2.40332120308558,-2.89135437126887,4.58913467060456,1.13887345577551,0.519844370343217,3.65086264656615
0.735476237703657,-0.433165545393702,4.51486707401569,1.87492039466129,-0.279200527285691,4.16186264656614
5.11495508817409,-5.3074811798235,1.99829022730669,4.16294718732045,-1.37401934938568,3.84286264656614
7.67743213734931,-3.57840318224283,-2.23647117709624,2.47157075882317,-1.21994019310008,3.45986264656614
3.91277860300988,-3.37697567189665,-2.35868237209357,2.42052660814164,-0.629464679511784,3.80286264656614
1.32661490013382,-3.59113432770036,-1.15670684863736,-1.25147065676556,-0.114725748196744,3.96386264656614
5.37305110765315,1.05487132170252,0.784105150719605,3.32009324215507,-0.367159628239732,3.89786264656614
2.92826219208924,-2.17389812301531,-3.69767497046454,2.40351676870403,-0.904500803702014,4.05286264656614
-0.222602823854736,-0.705206274784549,-1.86475128614018,5.47594499609782,-0.779944873124826,4.01886264656614
3.33622730904663,0.958133984265967,3.94890539823491,0.381434031878297,0.521081939414282,4.12386264656614
8.5250744559781,-0.551635806224153,7.48084337606705,3.58861372582152,-0.419779476098675,4.14286264656614
0.854557133702249,-1.82400115008108,1.35115103335601,0.95981498572485,-0.816603433997057,3.96086264656614
2.64586386938211,-4.55099728552958,2.75533294616678,3.40372958913591,0.249839577920995,3.93986264656614
-3.37376851847079,-2.54880863278262,0.604488040523054,2.37145466701427,-0.709359200896235,3.69186264656615
3.46896480996601,0.357431606942338,13.1851558443866,-0.96062519053916,0.206782334627075,4.33686264656614
7.25408783727284,-3.40627120569894,2.84472530220423,2.34497686165213,-1.01640757805533,3.93386264656615
3.8863423033339,0.713029693450121,-10.5630291066526,0.635823072187365,0.264869380287868,3.75886264656614
7.5713883889606,-0.329280653712445,-9.92143131082287,4.06499658288526,-0.598820552399931,3.66386264656614
0.429027651201123,-0.590392002168593,-9.00472435038459,3.35126416134852,0.394028055757791,3.57186264656614
6.84879872366217,-5.79244285883033,-1.10464556280812,4.27531413860332,0.422264664293762,3.72186264656615
2.28324140690766,-2.59742291161187,-1.96216214083904,2.84644194264695,-0.607399108141793,3.76686264656615
6.4811370170152,-2.90296014585371,-0.615122104300996,3.57065469278078,-0.439784205668702,3.80586264656615
8.4759185239737,-6.32948324318593,1.08559992651748,1.996412170632,-1.04586940562014,3.60786264656614
0.537211722030643,-1.73212509936263,-6.4311629460086,4.70829116485643,-0.902575011314767,3.85086264656614
-1.1723855278519,-4.3948142334809,-1.34087857765919,4.24142167531384,-0.792422351365297,3.93686264656614
0.0938327015711247,-2.68117995475075,1.56493154045313,3.51416010289761,-0.798469211103359,3.77186264656615
4.0071207260371,-2.23761843371512,-1.56929558510853,-1.88492461292497,-0.903707143654447,3.51186264656615
10.4875706837699,-4.40655771404005,0.0247369745462023,2.20671260484649,-0.633568043692123,3.75286264656614
-4.80228367845754,-2.32403269964853,2.68203240771342,3.37650279427339,0.308147239528234,4.22186264656614
-2.74003004183609,-0.101249629373977,6.42856297376656,-0.750754793824583,1.05819084551852,4.21686264656615
2.67471994675394,0.950457844300982,-6.76021146759719,3.86004342256717,-1.05124337339446,3.86886264656614
0.441927162568184,-3.25512445856597,2.68814312950136,2.09551380797607,-0.215972976911267,4.11886264656614
4.74769049901517,-0.00411409076308103,-1.97298508383202,3.54370055071224,0.484988556327371,3.83486264656614
7.53605520016741,-1.53991438040639,-1.60913934689673,2.60291466596795,-0.52352267646607,3.84486264656614
1.50665115435102,-1.79404205162028,-1.5687392386186,4.20350059991582,-0.280188539128703,4.04086264656614
10.0426857577734,-4.06703293674073,-0.323070106581275,2.73422335245433,-0.193132226025529,3.32386264656614
4.32233290053378,-1.95619356132628,3.03233669061103,4.82106614921174,-0.44567086032955,3.89986264656614
5.73528048243827,-1.84471865508386,0.638857336391585,1.21810100633429,-0.579880833513728,3.54186264656614
-0.43192381146443,-2.54275032972868,4.10172112123053,3.57625484971259,0.0191062034941062,4.02186264656614
-0.208435940100488,-3.60204377743333,-1.32741794835806,1.73938178655828,-0.522271079901711,3.82486264656614
2.27276411985086,-2.06198204297465,-3.07841234140549,5.62124718029594,-0.588204294586097,4.11986264656614
0.0337780801439949,-4.7534951646883,-2.35410620362748,3.76970222055601,-1.24047765789466,4.04286264656614
6.81730566037283,-2.36322478453331,-2.20423455286028,0.861572610635339,-0.117280569846717,3.89086264656614
6.1515643545925,-0.54141919559984,-2.9566212535335,4.91105758495021,-0.245105028674162,3.60286264656614
-0.641129674996633,-4.0013001573421,-1.32389582169279,4.5524025526653,-0.701074196104737,3.93086264656614
4.89271397208186,-3.14079805760029,2.22854963519804,-0.835572325042387,-0.219943940671549,4.05486264656614
8.57886074580796,-5.73020268314869,-3.09138691210223,1.47015743451168,-0.668045183732273,3.60186264656614
5.01839137998138,-5.75827650677731,-2.14043009467962,3.93616179627486,-0.00435006319900682,3.96486264656614
-8.44635170427241,-2.08074835360569,0.893859132958074,-0.59740492600982,-0.763538545196674,4.10886264656614
-4.59230864792648,-0.941048779884364,-2.70210789689728,1.07941439465214,0.587013535127274,4.06686264656615
37.4304361639354,9.05561535720313,47.3466868814104,8.9983726590339,1.76591699866383,3.45386264656614
23.7226106011337,9.99166781037272,24.2080649064497,0.622953766295734,-0.499412626162111,3.75686264656614
72.250720230251,8.22269636012711,60.2959822030898,8.52892230776637,1.07975577879719,2.33686264656614
48.7927751503593,9.52813253968882,64.3495088295141,6.64670415527026,3.85942438346929,3.45386264656614
63.0992296449297,11.6848612284386,74.9310157723542,9.1813808556826,1.94294948745558,3.20986264656614
34.0934199514142,12.3171997439893,42.1623344172925,-1.65223960337937,0.429737916572567,3.49186264656614
50.6389542464123,3.26480205267222,48.2856980103549,4.60169702768599,-0.301866910697296,3.40586264656615
58.6121358770789,10.4314379871179,62.1514920922389,0.976764262320126,3.9384330696913,3.01286264656614
56.9706826321944,14.0739041995658,54.3072754388864,5.49477582986829,-2.0297672427015,3.10386264656614
40.2569090802247,3.93359522605003,34.0874963474032,8.91927528063986,1.08547453985275,3.47286264656614
45.2560695927631,8.49278328205806,50.6189232810763,3.99742610021264,1.83328396547975,3.41986264656614
41.846062693689,6.10215255572597,40.9570852707682,3.86976829926006,4.26929110849334,3.40386264656614
51.317575667956,14.4532782668793,54.9910986842429,4.66251465990236,-0.228418274988578,3.48886264656615
50.099622390549,17.2549611645375,53.8919590547297,6.05603555623222,0.632619123553422,3.13386264656614
47.539703352702,11.7208408131137,61.2737241109368,5.24812360269321,0.977710830610641,3.43386264656615
61.6657642899336,10.3058360371928,71.0637164298463,8.96404810066737,3.29765295891991,2.89586264656614
48.2843529434087,0.173894725724707,46.7096294289801,10.718735715561,2.18573674596719,3.45986264656614
58.7018935175993,17.7505509489446,54.8761930632784,-5.64480357404601,-1.03134534863079,2.65486264656615
45.4707168113472,6.81293923847612,50.6823238655522,1.98825695018186,-2.10565933992443,3.53286264656614
50.4143504259778,12.9513875839424,54.3201077975742,-0.8270471775413,-0.387254616235242,3.15986264656614
51.2006749019024,16.4145834758191,58.5323528976118,1.54773440327168,0.578300988795768,3.14886264656614
53.3970165429174,15.6332465187376,60.2141552569983,4.16352475625982,-0.0991105144524381,2.99286264656614
52.8886878045477,15.9007265871875,59.257077379088,-4.6630021190614,0.245907061774273,3.10886264656614
48.7506314323816,14.2431994246407,56.7572282196943,4.93470386715233,1.27884221168727,3.25586264656614
56.901615837591,10.0239573516631,54.0023803515741,0.710507435262348,-2.56198259917304,3.19786264656614
44.0383901673862,7.71640310874938,42.497453971504,6.26172399847048,1.00864695526742,3.38586264656614
66.7265408987703,19.8344019605075,87.7318466558398,6.37652562231752,1.52322467326868,3.26686264656615
55.8822567975425,8.70194739723145,58.348606658186,8.98355780775087,-0.111846185367476,3.51286264656614
46.747727571258,2.58118066939505,46.4689556239545,5.92937636194963,4.25209609482485,3.12386264656615
54.0889635573316,14.5677083407718,46.2069154004606,3.17220801629834,-0.198511366181919,2.89186264656614
39.0843030064423,8.56780573082094,50.0139790965979,1.05910345813002,4.05339140340984,3.64886264656614
45.0018230743925,11.5740833879475,48.1445000219761,-1.55029326809819,-0.762455420946202,3.38586264656614
38.5852513969729,13.9126185715095,46.5589974248021,-3.93581161194077,-0.127289437439946,3.53786264656614
53.0546200941228,9.51867419290676,53.6712400865054,1.05123084132819,-0.468094272051303,3.09586264656614
49.6474270551387,13.0692321267072,55.3630425096148,0.993008324511061,0.695508122482091,3.36186264656615
40.6329435405047,12.1725257971187,-52.9022125629635,-3.92637152448178,1.73679677070664,2.41786264656614
46.272713605393,14.4470580461413,-57.9707819172372,6.21480626443577,0.303304057009651,2.45086264656614
48.9610449314664,18.6217453372123,-67.6664915881572,1.59112250462165,-0.0894620925528823,2.78986264656614
46.1871005138456,14.236519313104,-50.7890673816856,1.27882510623172,0.259873353785288,2.73086264656615
57.2381652288865,14.7293372434987,-64.8484111264774,5.16925489454005,-0.110232109195545,2.26086264656614
46.7167734091291,11.65702821968,-45.1902537981894,5.11165352629344,1.7209796643474,2.85986264656614
54.6311799312618,18.1249990816642,-53.8623683030845,-1.40051470879092,0.0353978160116628,1.64586264656614
47.0785811185567,6.47284749010194,-54.8319496370493,16.9676244495028,-3.55404778460652,2.45886264656615
63.0937997811839,12.0098137609996,-61.4032831656876,11.0575696455819,1.3851603843456,2.10786264656614
54.5641437877578,7.89460431886057,-50.5591002414949,4.45640040380028,4.96468869962613,2.09986264656614
63.7845702526948,18.412332329522,-69.3200935994524,7.57195625996101,-0.608007651162739,1.30686264656614
45.9388552577472,10.0775083298757,-39.8697080185394,8.98607993111358,-0.67094426264214,2.39386264656614
54.1925399202681,15.1164053959659,-45.0884125372603,15.7056379075696,1.85615594289175,2.61886264656615
48.103814057526,13.7927029372102,-48.8160626823466,11.3445779008831,-0.00273185376909921,2.46586264656614
45.3077068518787,13.5604020154317,-50.0240540850174,-1.94717211260024,1.46129590226759,3.00686264656614
52.1510690197374,10.8035868235536,-52.0264141342061,13.6817281857556,0.972493970570439,2.27286264656614
56.7653732442263,18.9840628131375,-30.2784130327796,19.0851341939353,2.75166958300634,2.23986264656614
56.5599634982368,17.2737836895975,-79.9605766358372,5.85322510013067,2.95835442862002,2.37986264656614
